                 ID    M Radius    M Texture  M Perimeter      M Area  M Smoothness  M Compactness  M Concavity  M Concave Points  M Symmetry  M Fractal Dimension
count  5.690000e+02  569.000000   569.000000   569.000000  569.000000    569.000000     569.000000   569.000000        569.000000  569.000000           569.000000
mean   3.037183e+07   14.127292   654.889104     0.088799    0.062798      2.866059       0.025478     0.020542         25.677223    0.132369             0.114606
std    1.250206e+08    3.524049   351.914129     0.079720    0.007060      2.021855       0.017908     0.008266          6.146258    0.022832             0.065732
min    8.670000e+03    6.981000   143.500000     0.000000    0.049960      0.757000       0.002252     0.007882         12.020000    0.071170             0.000000
25%    8.692180e+05   11.700000   420.300000     0.029560    0.057700      1.606000       0.013080     0.015160         21.080000    0.116600             0.064930
50%    9.060240e+05   13.370000   551.100000     0.061540    0.061540      2.287000       0.020450     0.018730         25.410000    0.131300             0.099930
75%    8.813129e+06   15.780000   782.700000     0.130700    0.066120      3.357000       0.032450     0.023480         29.720000    0.146000             0.161400
max    9.113205e+08   28.110000  2501.000000     0.426800    0.097440     21.980000       0.135400     0.078950         49.540000    0.222600             0.291000
Diagnosis
B    357
M    212
dtype: int64
